GATE_GW_SL: 1516,603,48,35
GATE_HI_GW: 10,622,48,35
GATE_DS_GW: 159,37,48,35
GW_S04: 1495,566,48,35
GW_S02: 670,981,48,35
GW_B02: 957,988,54,78
GW_C03: 1011,1019,156,35
GW_C05: 1170,1018,152,35
GW_A24: 1322,1018,60,35
GW_B05: 1007,938,48,78
GW_A20: 1055,980,54,35
GW_A21: 1108,980,48,35
GW_A19: 910,990,48,35
GW_A04: 724,145,51,35
GW_S06: 728,111,48,35
GW_C08: 793,96,152,35
GW_S08: 910,183,48,35
GW_A22: 1007,158,54,35
GW_A23: 1067,163,54,35
GW_C11: 1127,166,152,36
GW_B08: 1404,602,110,35
GW_E01: 1073,715,264,35
GW_C09: 1215,672,54,120
GW_LS01: 413,973,48,35
GW_LS03: 55,621,48,35
GW_LS05: 205,430,48,35
GW_LS07: 964,967,48,35
GW_C09_PB: 944,10,54,77
GW_E01_PB: 677,31,264,35
GATE_GW_SH: 1974,1057,48,35
GW_A25: 1383,951,100,112
GW_S09: 1830,943,48,35
GW_EDGE01: 1813,1048,148,35
GW_EDGE02: 1640,945,176,51
GW_EDGE03: 1604,1014,198,72
GW_EDGE04: 1498,949,99,35
GW_EDGE05: 1537,1011,48,72
GW_B01_PAST: 100,594,110,35
GW_TOWER01: 212,596,48,72
GW_TOWER02: 213,1034,48,72
GW_TOWER03: 253,991,101,35
GW_PIPE01: 334,942,48,35
GW_PIPE02: 315,35,101,35
GW_B09_PAST: 207,30,105,35
GW_C10_PAST: 515,31,158,35
GW_A10_PAST: 555,939,48,35
GW_PIPE03: 495,934,48,35
GW_PIPE04: 403,939,48,35
GW_B06_PAST: 949,115,51,78
GW_C04_PAST: 1240,603,160,35
GW_TOWER04: 1228,205,48,35
GW_PIPE05: 529,464,101,35
GW_PIPE06: 563,515,48,35
GW_PIPE07: 434,467,48,72
GW_PIPE08: 494,524,48,35
GW_TOWER05: 1200,259,54,72
GW_TOWER06: 1166,329,48,35
GW_PIPE09: 371,460,48,35
GW_PIPE10: 627,518,48,35
GW_PIPE11: 696,519,48,35
GW_C01_PAST: 264,596,156,35
GW_TOWER07: 426,553,48,112
GW_TOWER08: 1157,283,48,35
GW_TOWER09: 1176,617,48,72
GW_A11_PAST: 899,612,70,35
GW_A13_PAST: 909,579,48,35
GW_PIPE12: 786,145,48,35
GW_PIPE13: 798,175,105,35
GW_C02_PAST: 743,585,156,35
GW_D01_PAST: 484,585,204,35
GW_TOWER10: 737,215,48,112
GW_TOWER11: 694,225,48,37
GW_TOWER12: 688,290,48,38
GW_TOWER13: 693,584,48,35
GW_TOWER14: 973,617,48,35
GW_TOWER15: 1025,616,149,72
GW_C06_PAST: 612,943,48,120
GW_E02_PAST: 675,1024,266,36
