GATE_SI_LF: 1206,1271,48,35
GATE_LF_SB: 895,1064,48,35
GATE_LF_SU: 1306,716,48,35
LF_S04: 968,1064,48,35
LF_C05: 1251,1183,48,120
LF_A07: 1251,1151,48,35
LF_F02: 1203,1017,111,121
LF_A04: 1168,989,48,35
LF_S02: 1276,968,48,35
LF_A06: 1298,986,48,35
LF_E04: 920,1023,274,35
LF_A03: 892,987,48,35
LF_H01: 485,1024,430,35
LF_A15: 649,996,48,35
LF_S06: 649,961,48,35
LF_A05: 462,988,48,35
LF_J01: 203,984,276,78
LF_C03: 55,981,162,35
LF_D03: 1340,971,105,78
LF_E02: 1027,310,254,35
LF_E03: 768,310,254,35
LF_A10: 715,310,48,35
LF_D02: 599,1583,104,78
LF_D06: 551,1442,48,152
LF_S01: 932,1031,48,35
LF_E01: 714,1583,254,35
LF_D01: 978,1582,206,35
LF_B02: 1194,1539,48,78
LF_S07: 1078,1031,48,35
LF_A17: 1131,1544,54,35
LF_C01: 1162,91,160,35
LF_B03: 1058,91,105,35
LF_B05: 1110,706,48,78
LF_D04: 1153,668,105,78
LF_A14: 1257,710,48,35
LF_S05: 1255,685,48,35
LF_A11: 1074,671,48,35
LF_A13: 1033,715,48,35
LF_A12: 1014,677,48,35
LF_B01: 959,758,70,78
LF_D07: 743,758,210,35
LF_C02: 902,91,168,36
LF_A02: 852,92,48,35
LF_H02: 646,86,226,78
LF_A01: 594,131,54,35
LF_E05: 335,131,274,35
LF_B04: 246,791,105,35
LF_D08: 247,848,204,35
LF_S03: 1005,997,48,35
LF_DEADGATE: 10,982,48,35
LF_D09: 522,758,216,35
LF_M01: 700,962,232,35
LF_M02: 517,243,232,82
LF_M03: 464,259,48,35
LF_M04: 226,293,232,35
LF_M05: 164,262,48,72
