GATE_SU_DS: 546,1647,48,35
GATE_SU_HI: 773,1165,48,35
GATE_LF_SU: 10,1087,48,35
SU_B13: 744,1118,48,78
SU_A33: 745,1092,48,37
SU_B04: 795,1090,106,35
SU_A34: 746,1093,48,35
SU_A37: 901,1088,54,35
SU_A63: 956,1084,50,36
SU_B12: 1007,1082,110,35
SU_A17: 1120,1082,54,37
SU_A40: 1168,332,50,36
SU_B07: 1062,323,104,33
SU_A02: 1009,325,54,35
SU_A53: 957,328,50,38
SU_A39: 901,330,54,37
SU_A38: 900,328,54,35
SU_A25: 930,288,54,35
SU_A24: 929,251,54,35
SU_A23: 872,251,54,35
SU_A22: 841,215,48,35
SU_C04: 610,981,155,35
SU_A41: 765,983,54,35
SU_A42: 771,1017,48,35
SU_A43: 820,985,51,35
SU_A44: 822,1712,48,35
SU_A06: 843,328,54,35
SU_A36: 787,326,54,35
SU_B08: 681,323,104,35
SU_B09: 625,322,52,78
SU_A35: 640,1073,54,35
SU_A20: 691,1093,54,35
SU_A31: 576,1084,48,35
SU_A32: 477,1052,48,35
SU_B05: 364,1035,54,78
SU_A07: 306,1078,54,35
SU_A45: 57,1077,48,35
SU_C02: 104,1079,202,35
SU_B06: 407,1117,50,78
SU_B11: 445,1201,104,35
SU_A12: 496,1162,54,35
SU_A13: 552,1201,54,35
SU_B02: 577,1119,59,78
SU_A29: 638,1087,54,35
SU_B10: 627,1712,48,78
SU_A10: 555,1708,54,35
SU_B01: 498,1675,54,78
SU_A04: 436,1718,54,35
SU_C01: 379,1641,48,112
SU_B14: 435,1642,105,35
SU_A30: 438,1680,48,35
SU_LS01: 805,948,48,35
SU_LS01r: 670,1196,48,35
SU_LS02: 665,1188,48,35
SU_LS02r: 679,1191,48,35
SU_LS03: 541,1681,48,35
SU_LS04: 901,1112,48,35
SU_LS05: 307,245,48,35
GATE_OE_SU: 347,13,48,35
SU_B14SAINT: 435,1642,105,35
SU_CAVE01: 552,268,48,35
SU_CAVE02: 402,244,148,35
SU_PUMP03: 341,87,48,189
SU_CAVE03: 411,148,48,35
SU_CAVE04: 424,97,48,35
SU_CAVE05: 563,177,48,78
SU_PMPSTATION01: 475,63,48,121
SU_INTRO01: 406,10,101,35
SU_PS1: 496,283,48,35
SU_VR1: 448,289,48,35
