GATE_UW_SS: 1396,3033,48,35
GATE_SS_UW: 1445,3052,48,35
RM_D08: 885,4910,107,78
RM_S04: 888,4882,48,35
RM_E08: 955,4724,48,189
RM_D07: 953,4692,204,35
RM_AI: 1049,2944,151,112
RM_E06: 997,1007,252,35
RM_C08: 1116,923,152,35
RM_A14: 1429,1090,48,35
RM_LAB13: 1485,2755,70,78
RM_A01: 1563,1090,48,35
RM_D02: 1253,995,104,78
RM_LAB8: 1360,2686,176,56
RM_LAB6: 1562,1037,48,35
RM_A17: 1270,937,48,35
RM_E03: 1269,736,48,188
RM_LAB7: 1360,986,48,35
RM_LAB3: 1497,2652,118,35
RM_LAB11: 1359,933,48,35
RM_LAB5: 1497,933,48,35
RM_E05: 1546,2326,48,188
RM_I03: 840,969,155,120
RM_C07: 571,1015,152,35
RM_C03: 519,926,48,120
RM_B02: 683,870,48,78
RM_S05: 1238,2604,48,35
RM_A16: 518,894,48,35
RM_A03: 521,858,48,35
RM_A15: 531,822,48,35
RM_E02: 581,821,255,35
RM_A04: 718,733,48,35
RM_B06: 772,716,104,35
RM_A11: 884,918,48,35
RM_D03: 851,825,104,76
RM_D04: 876,659,104,78
RM_C04: 1154,686,152,35
RM_C06: 534,701,48,120
RM_H01: 562,626,202,78
RM_F02: 728,504,104,120
RM_S02: 1348,2588,48,35
RM_B03: 943,584,48,78
RM_E01: 838,548,255,35
RM_F01: 857,316,48,228
RM_C02: 940,317,48,121
RM_I02: 910,424,152,121
RM_A09: 1009,362,48,35
RM_B01: 1059,320,48,78
RM_A08: 1062,285,48,35
RM_A19: 1014,286,48,35
RM_S01: 1311,2571,48,35
RM_B04: 1371,2161,96,78
RM_S03: 1384,2571,48,35
RM_A13: 1414,2242,48,35
RM_E04: 1107,2212,255,35
RM_LC01: 977,2031,48,78
RM_LC02: 993,2128,48,35
RM_LC03: 1013,2180,48,35
RM_LC04: 1069,2164,48,112
RM_LC05: 1009,2243,48,35
RM_LCHUNT: 901,2237,96,35
RM_LC06: 964,2314,70,127
RM_LCTANK: 1035,2288,48,35
RM_LCSWAP: 1059,2324,48,112
RM_LCS2: 1421,2554,48,35
RM_LCCACHE: 1105,2282,48,35
RM_LCFILTERS: 1121,2164,246,38
RM_LSENTRANCE: 972,2462,96,35
RM_LS1: 1103,2518,48,35
RM_LS2: 893,2388,48,35
RM_LSVALVES: 844,2311,48,112
RM_LSROOT: 747,2392,96,35
RM_LCHEADER: 1161,2526,48,110
RM_LCBLOCKAGE: 833,2199,96,35
RM_LCAMBUSH: 842,2268,48,35
RM_LCS1: 891,2275,48,35
RM_LCEDGE: 920,2588,48,35
RM_LCMANUFOLD: 992,2599,149,35
RM_LCLPIPE: 981,2519,48,78
RM_LCRPIPE: 1050,2553,96,35
RM_LCTUBE: 1036,2521,48,35
RM_LSSECRET: 877,2461,96,72
RM_LSCOREACCESS: 689,2449,146,72
RM_LSLOCKDOWN: 1085,2455,127,63
RM_FLOODEDCORE: 686,4132,48,35
RM_ROT01: 1223,2461,96,35
RM_ROT02: 1347,2282,123,70
RM_LCTPIPE: 1328,2343,48,78
RM_CONVERGENCE: 1329,2403,106,92
RM_DEAD01: 1431,2450,106,78
RM_DEAD02: 1336,2492,59,127
RM_SDEAD: 1201,2504,48,35
RM_DEAD03: 1387,2569,120,42
RM_LCMEMEXIT: 1211,2623,48,110
RM_LCUPSIDE: 1368,2820,146,35
RM_CONSTRUCT: 1359,2759,53,62
RM_ASSEMBLY: 1223,2754,118,42
RM_LCFINAL: 1052,2688,146,35
RM_LCEXTRA: 952,2635,120,35
RM_SFINAL: 1091,2488,48,35
RM_TERROR: 1498,2213,104,78
RM_GSB1: 1049,2728,150,76
RM_GSB2: 1077,2798,96,149
GATE_CC_UW: 1238,2488,48,35
GATE_SH_UW: 1778,1676,48,35
GATE_UW_SL: 2119,2395,48,35
UW_PREGATE: 1998,2384,104,35
RM_BOTTOMGATE: 987,251,48,35
RM_TOPGATE: 821,3246,48,35
UW_C08Beacon: 1242,2466,152,35
UW_C07: 644,3271,152,35
UW_H01: 219,3268,408,38
UW_A14: 171,3269,48,37
UW_A12: 171,3230,48,35
UW_F01: 67,3036,59,228
UW_A13: 127,3019,48,35
UW_S03: 164,3019,48,35
UW_E01: 67,2842,59,187
UW_A02: 66,2803,59,35
UW_J01: 10,2595,116,200
UW_A01: 68,2551,59,37
UW_D01: 68,2392,59,154
UW_D07: 70,2309,105,78
UW_S04: 128,2387,48,35
UW_C05: 175,2308,152,35
UW_D06: 328,2311,104,78
UW_S01: 433,2314,48,35
UW_C04: 433,2359,154,40
UW_D05: 593,2364,228,35
UW_A04: 825,2364,48,35
UW_C02: 879,2278,48,121
UW_A05: 918,2384,48,35
UW_C01: 944,2346,152,35
UW_A03: 1087,719,48,35
UW_J02: 1123,2303,254,78
UW_I01: 1082,2390,154,110
UW_S02: 1328,739,48,35
UW_A10: 1083,2445,48,35
UW_A11: 1361,775,48,35
UW_A06: 1364,716,48,35
UW_E04: 1404,2343,254,37
UW_A08: 1649,2383,48,35
UW_C03: 1688,2338,148,44
UW_D04: 1836,2292,111,78
UW_B01: 1946,2334,104,44
UW_S07: 1959,2380,48,35
UW_D03: 1787,2151,48,154
UW_A09: 1898,2064,48,35
UW_S06: 1898,2035,48,35
UW_E03: 1840,1986,48,190
UW_E02: 1786,1813,48,190
UW_A07: 1841,1907,48,35
UW_C06: 1898,1912,48,112
UW_D02: 1838,1676,48,154
UW_S05: 1881,1679,48,35
GATE_UW_LC: 219,1565,48,35
LC_B04: 268,1558,318,37
