GATE_HI_VS: 28,1935,48,35
GATE_SI_VS: 589,672,48,35
VS_B01: 25,1849,48,72
VS_A02: 79,1853,48,35
VS_A01: 415,1180,48,35
VS_S04: 459,1164,48,35
VS_B02: 129,1127,50,74
VS_C04: 199,1169,149,35
VS_S01: 176,1114,48,35
VS_A03: 207,1140,48,35
VS_B03: 202,1062,48,76
VS_C01: 259,1051,148,35
VS_D01: 318,1767,48,150
VS_A05: 251,1877,48,35
VS_A14: 194,1881,48,35
VS_B04: 389,1834,48,75
VS_C02: 215,1736,48,112
VS_A04: 556,1846,48,35
VS_S20: 517,1847,48,35
VS_B07: 404,1725,48,77
VS_B08: 447,1829,48,75
VS_H02: 502,911,48,302
VS_C03: 425,1053,48,112
VS_C05: 578,1179,150,35
VS_B09: 722,1137,96,35
VS_A06: 359,1167,48,35
VS_C06: 816,385,48,112
VS_C13: 644,466,151,35
VS_E07: 587,479,48,187
VS_S09: 564,1405,48,35
VS_B10: 885,466,48,72
VS_A07: 942,469,48,35
VS_S05: 746,1083,48,35
VS_B11: 915,364,48,78
VS_A08: 851,363,48,35
VS_C07: 666,1100,149,35
VS_B12: 575,1809,101,35
VS_C09: 627,1669,48,112
VS_A13: 628,908,48,35
VS_C12: 500,735,151,35
