GATE_SH_UW: 2193,385,48,35
GATE_SH_SL: 1675,1097,48,35
GATE_HI_SH: 10,1207,48,35
SH_C11: 61,1117,48,120
SH_S03: 33,1171,48,35
SH_D01: 109,1126,201,35
SH_A25: 299,1111,48,35
SH_A13: 342,1144,48,35
SH_A14: 399,1145,48,35
SH_C02: 451,1145,164,35
SH_B08: 626,1102,48,78
SH_A11: 348,1109,51,35
SH_A15: 387,1074,48,35
SH_A12: 399,1113,48,35
SH_B09: 570,1684,48,78
SH_A05: 516,466,54,35
SH_B01: 599,465,107,35
SH_C10: 709,465,152,35
SH_A21: 865,466,48,35
SH_C03: 620,1660,162,35
SH_S10: 782,1659,48,35
SH_B15: 547,1613,48,78
SH_B16: 438,1621,104,35
SH_C07: 369,1572,54,121
SH_B17: 436,1580,104,35
SH_C09: 584,1581,152,35
SH_C01: 705,1024,156,35
SH_B06: 672,882,48,78
SH_A17: 716,1550,48,35
SH_A16: 763,1582,48,35
SH_A24: 774,919,48,35
SH_B07: 1154,900,48,78
SH_B13: 1069,868,104,35
SH_B11: 740,862,48,75
SH_D02: 754,831,204,35
SH_B10: 981,831,104,35
SH_A06: 862,1023,48,35
SH_B02: 911,1024,104,35
SH_B03: 1014,1049,51,78
SH_C04: 1065,1066,51,121
SH_A10: 1066,1194,48,35
SH_C05: 1117,1106,162,35
SH_E05: 1271,1092,252,35
SH_C13: 1523,1092,152,35
SH_A07: 1053,984,48,35
SH_B04: 1102,1002,107,35
SH_A04: 1223,1002,54,37
SH_A26: 1285,1002,54,35
SH_A19: 1045,947,48,35
SH_B05: 947,978,104,35
SH_C08: 811,942,154,35
SH_A22: 984,1547,48,35
SH_C12: 997,1566,152,35
SH_A23: 1154,971,48,35
SH_A09: 1168,1631,48,35
SH_A08: 1217,1630,48,35
SH_E02: 802,219,254,35
SH_S08: 735,184,48,35
SH_B12: 1057,237,48,78
SH_S09: 1107,233,48,35
SH_E03: 1106,303,254,35
SH_E01: 1361,303,254,35
SH_H01: 1883,302,204,78
SH_E04: 1617,302,263,35
SH_D03: 2089,340,104,78
SH_CABINETMERCHANT: 1484,207,48,35
SH_CABINETS1: 1746,636,72,123
SH_CABINETS2: 1687,646,48,75
SH_CABINETS3: 1658,109,52,38
SH_CABINETS4: 1531,118,111,118
SH_CABINETS5: 1672,1484,56,35
SH_CABINETS6: 1579,1485,72,43
SH_PBMEM: 1589,1546,60,35
SH_LS01: 335,1605,48,35
SH_LS02: 1106,1076,48,35
SH_LS04: 561,465,48,35
SH_LS05: 1646,1060,48,35
SH_LS06: 783,884,48,35
SH_LS07: 1070,902,48,35
SH_LS11: 354,914,48,35
GATE_GW_SH: 238,970,48,35
SH_HELPOUT: 1006,868,48,72
SH_LEDGE: 684,289,106,78
SH_OVERHEAD: 464,326,202,40
SH_CURVE: 389,292,98,35
SH_scavshop: 392,409,70,39
SH_HALL: 289,957,196,35
SH_KELP: 684,221,101,35
