GATE_SH_UW: 2193,367,48,35
GATE_SH_SL: 1675,1061,48,35
GATE_HI_SH: 10,1171,48,35
SH_C11: 61,1081,48,120
SH_S03: 33,1135,48,35
SH_S05: 1646,1024,48,35
SH_D01: 109,1090,201,35
SH_A25: 299,1074,48,35
SH_A13: 342,1108,48,35
SH_A14: 399,1109,48,35
SH_C02: 451,1109,164,35
SH_B08: 626,1066,48,78
SH_A11: 348,1072,51,35
SH_A15: 387,1038,48,35
SH_A12: 399,1077,48,35
SH_B09: 570,1630,48,78
SH_A05: 516,447,54,35
SH_S04: 561,447,48,35
SH_B01: 599,447,107,35
SH_C10: 709,447,152,35
SH_A21: 865,447,48,35
SH_C03: 620,1605,162,35
SH_S10: 782,1605,48,35
SH_B15: 547,1558,48,78
SH_B16: 438,1566,104,35
SH_C07: 369,1518,54,121
SH_S01: 335,1550,48,35
SH_B17: 436,1526,104,35
SH_C09: 584,1527,152,35
SH_C01: 705,987,156,35
SH_B06: 672,846,48,78
SH_A17: 716,1496,48,35
SH_A16: 763,1528,48,35
SH_A24: 774,883,48,35
SH_S06: 776,855,48,35
SH_B07: 1154,864,48,78
SH_S07: 1070,866,48,35
SH_B13: 1069,831,104,35
SH_B11: 740,825,48,75
SH_D02: 754,795,204,35
SH_B10: 981,795,104,35
SH_A06: 862,987,48,35
SH_B02: 913,986,104,35
SH_B03: 1015,1012,51,78
SH_C04: 1065,1030,51,121
SH_S02: 1109,1041,48,35
SH_A10: 1066,1157,48,35
SH_C05: 1117,1070,162,35
SH_E05: 1271,1056,252,35
SH_C13: 1523,1056,152,35
SH_A07: 1053,948,48,35
SH_B04: 1102,966,107,35
SH_A04: 1223,966,54,37
SH_A26: 1285,965,54,35
SH_A19: 1045,911,48,35
SH_B05: 947,942,104,35
SH_C08: 811,905,154,35
SH_A22: 984,1493,48,35
SH_C12: 997,1512,152,35
SH_A23: 1154,935,48,35
SH_A09: 1168,1576,48,35
SH_A08: 1217,1576,48,35
SH_E02: 802,201,254,35
SH_S08: 735,165,48,35
SH_B12: 1057,219,48,78
SH_S09: 1107,215,48,35
SH_E03: 1106,285,254,35
SH_E01: 1361,284,254,35
SH_H01: 1883,283,204,78
SH_E04: 1617,284,263,35
SH_D03: 2089,322,104,78
GATE_GW_SH: 238,933,48,35
SH_HELPOUT: 1006,832,48,72
SH_LEDGE: 684,271,106,78
SH_OVERHEAD: 464,308,202,40
SH_CURVE: 389,274,98,35
SH_scavshop: 392,390,70,39
SH_HALL: 289,921,196,35
SH_KELP: 684,202,101,35
SH_S11: 354,877,48,35
SH_CABINETS1: 1392,618,72,123
SH_CABINETS2: 1323,641,48,75
SH_CABINETS3: 1327,741,52,38
SH_CABINETS4: 1186,154,111,118
SH_CABINETMERCHANT: 1134,1459,48,35
SH_CABINETS7: 1083,1455,48,35
SH_Long: 1285,1548,216,35
SH_scrypts: 1540,942,48,35
SH_CabinetAlley: 1503,978,56,38
SH_CABINETS5: 1323,232,56,35
SH_CABINETS6: 1210,1504,72,43
SH_PBMEM: 1221,361,60,35
